1000 4000
0 154
0 161
0 306
0 437
0 670
0 886
0 908
1 5
1 268
1 581
2 96
2 206
2 681
2 687
2 794
2 900
3 64
3 298
3 537
3 706
3 716
4 183
4 783
4 923
5 487
5 649
6 43
6 137
6 547
6 606
7 601
7 888
8 853
8 996
9 609
9 923
10 393
10 444
10 682
11 522
11 886
12 11
12 800
13 93
13 144
13 223
13 447
13 628
14 128
14 154
14 176
14 425
14 748
15 240
15 334
15 609
15 939
16 242
16 526
16 802
16 845
16 891
17 621
17 650
17 717
17 801
17 851
18 17
18 102
18 343
18 435
19 99
19 246
19 404
19 594
20 53
20 268
20 413
20 434
20 635
21 116
21 383
21 969
22 73
22 130
22 164
22 870
23 424
24 167
24 650
25 55
25 100
25 128
25 476
25 590
26 300
26 397
26 455
26 459
26 482
26 814
27 367
27 554
27 728
28 58
28 108
28 482
29 40
29 135
29 595
30 147
30 511
30 529
30 806
30 838
30 918
31 112
31 115
31 392
32 113
32 477
32 563
32 740
32 961
32 979
33 132
33 548
34 431
35 37
35 157
35 317
35 523
35 589
35 595
35 731
35 747
35 822
35 825
35 889
35 926
35 953
36 462
36 539
36 974
37 753
37 775
37 777
37 793
38 135
38 224
38 514
38 876
38 917
39 419
39 695
39 835
40 129
40 500
40 511
40 925
40 962
41 798
42 17
42 60
42 98
42 119
43 23
43 73
43 830
44 48
44 209
44 263
44 362
44 372
45 81
45 712
46 283
46 813
47 546
47 821
48 120
48 800
49 339
49 423
49 449
50 20
50 583
50 925
50 990
51 53
51 157
51 173
51 877
51 992
52 521
52 755
52 756
53 140
53 663
54 39
54 374
54 685
54 985
55 34
56 22
56 74
56 149
56 246
56 871
56 925
57 549
57 787
57 896
57 942
58 13
58 74
58 77
58 157
58 205
58 560
59 30
59 200
59 723
59 887
59 914
60 523
61 812
62 28
62 47
62 215
62 486
62 581
63 355
63 567
63 685
64 20
64 493
64 681
65 178
65 194
65 386
65 413
65 684
65 737
65 787
65 889
66 247
66 289
66 379
66 897
67 337
67 612
67 840
67 976
68 331
68 762
69 204
69 442
69 444
69 742
69 949
70 98
70 623
70 816
70 897
71 318
71 477
71 674
71 962
72 99
72 358
72 363
72 519
73 461
73 514
73 770
74 110
74 513
74 633
74 713
74 950
75 44
75 285
76 986
77 132
77 286
77 947
77 954
78 114
78 319
78 412
78 418
79 257
79 931
80 14
80 99
80 468
81 201
81 315
81 377
81 384
81 447
82 142
82 236
82 340
82 527
82 557
82 854
83 30
83 454
84 133
84 159
84 244
84 681
84 759
84 780
84 995
85 860
85 988
86 169
86 180
86 292
86 352
86 425
86 461
86 479
86 971
87 6
87 142
87 175
87 247
87 937
88 273
88 359
88 381
88 744
89 130
89 318
89 334
89 382
89 687
89 693
89 750
89 778
90 746
90 914
91 139
91 163
91 252
91 760
91 891
91 941
92 56
92 463
92 826
92 961
93 44
93 93
93 134
93 255
93 617
93 693
94 48
94 425
94 506
94 662
94 809
94 998
95 699
95 815
95 818
95 834
96 237
96 348
96 787
96 942
97 2
97 84
97 195
97 551
97 635
97 892
98 12
98 221
98 251
98 689
98 780
98 835
99 224
99 264
99 360
99 382
99 477
99 621
100 259
100 416
100 579
101 13
101 157
101 318
101 533
101 584
101 590
101 674
101 832
101 889
101 948
101 976
102 387
102 736
102 804
103 62
103 126
103 833
103 896
105 941
106 256
106 319
106 409
106 777
107 133
107 472
107 647
107 655
108 248
108 456
108 847
108 891
109 1
109 123
109 415
109 425
109 674
109 697
109 744
109 790
109 869
110 682
111 340
111 361
111 461
111 546
111 689
111 783
111 830
112 324
112 489
112 657
112 861
112 928
113 155
113 274
113 678
114 125
114 339
114 624
114 880
115 374
115 722
116 291
116 925
117 51
117 93
117 161
117 591
117 760
118 268
118 479
118 847
118 941
119 146
119 589
119 966
120 179
120 185
120 410
120 688
120 887
121 244
121 407
121 535
121 685
122 408
122 483
123 209
124 792
124 846
125 158
125 477
125 793
126 167
126 227
126 451
126 461
126 557
126 729
127 101
127 173
127 353
127 368
129 45
129 108
129 179
129 230
129 529
129 970
129 976
130 18
130 29
130 194
130 433
130 705
130 789
131 866
131 965
132 18
132 577
132 787
132 928
133 36
133 254
133 383
133 533
133 828
133 863
133 892
134 133
134 516
135 32
135 449
135 607
135 984
136 659
136 717
136 897
137 558
137 804
138 89
138 96
138 285
138 360
138 417
138 558
138 750
138 809
138 816
138 978
139 3
139 42
139 143
139 245
139 954
140 567
140 978
141 42
141 429
141 455
141 606
141 666
142 294
142 329
142 506
142 579
142 751
142 852
143 119
143 194
143 273
143 283
143 359
143 413
143 521
143 586
143 816
144 3
144 164
144 213
144 496
144 564
144 637
144 721
145 397
145 499
145 820
145 931
145 976
146 857
146 969
147 316
147 790
147 849
147 881
148 81
148 522
148 568
148 613
148 727
148 759
148 925
149 558
149 559
149 623
149 629
149 806
150 99
150 547
150 723
150 784
151 72
151 198
151 623
151 703
152 21
152 32
152 94
152 202
152 236
152 481
152 681
152 732
153 382
153 807
154 0
154 90
155 292
155 401
155 828
156 2
156 400
156 450
156 489
156 773
156 971
157 18
157 50
157 309
157 464
157 503
157 931
158 164
158 254
158 335
158 401
158 537
158 893
159 303
159 802
160 119
160 272
160 467
160 513
160 689
160 846
160 970
161 156
161 251
161 482
161 719
162 119
162 273
163 254
163 391
163 429
163 830
164 4
164 274
164 745
164 987
165 11
165 130
165 135
165 235
165 718
165 859
166 419
166 569
166 678
166 783
166 868
167 202
167 384
167 672
167 815
168 403
168 461
169 36
169 732
169 906
169 917
170 479
170 522
170 945
171 536
171 829
172 972
173 26
173 156
173 350
173 385
173 409
173 447
173 552
173 787
173 844
173 937
173 957
174 170
174 187
174 288
174 790
174 926
175 44
175 699
175 714
175 841
175 955
176 167
176 240
176 599
176 618
176 639
176 696
176 950
177 293
177 382
178 48
178 60
178 221
178 242
178 359
178 360
178 403
178 524
178 846
179 47
179 946
179 948
180 359
180 684
180 862
180 958
181 152
181 341
181 504
181 989
182 275
182 530
183 98
183 219
183 458
183 750
184 156
184 230
184 282
184 373
184 554
184 666
185 142
185 285
185 553
185 689
186 189
186 637
186 729
186 867
186 910
187 276
187 618
188 257
188 287
188 356
188 436
189 559
189 735
189 957
190 432
190 483
190 580
190 822
191 51
191 83
191 302
191 581
191 786
191 921
192 663
193 805
193 858
193 908
194 161
194 455
195 136
195 269
195 395
195 430
195 483
195 603
195 777
196 265
196 320
197 486
197 575
198 11
198 94
198 440
198 612
198 747
199 255
199 287
199 677
199 685
199 883
200 401
200 661
200 746
201 869
202 771
203 113
203 166
203 715
203 903
204 276
204 837
204 854
205 51
205 101
205 409
205 522
206 24
206 368
206 423
206 965
207 9
207 111
207 318
207 618
207 770
207 994
208 369
209 34
209 110
209 522
209 737
210 473
210 503
210 606
211 594
211 678
211 733
212 37
212 334
212 385
212 837
213 252
213 276
214 3
214 278
214 344
214 428
214 759
214 899
214 983
215 205
215 992
216 97
216 297
216 728
217 136
217 215
217 271
217 378
217 492
217 989
218 174
218 296
218 450
218 667
218 839
219 158
219 349
219 477
219 502
219 504
219 919
220 123
220 647
220 648
220 707
220 831
220 872
220 895
220 974
221 106
221 303
221 321
221 335
221 403
221 506
222 112
222 219
222 347
222 561
222 752
223 651
223 945
224 250
224 498
224 541
225 15
225 79
225 367
225 619
225 732
226 311
226 815
226 967
227 388
227 495
227 926
228 634
228 893
229 62
229 122
229 276
229 578
229 641
229 665
229 923
230 379
230 385
230 902
230 990
231 204
231 501
231 524
232 154
232 333
232 366
233 49
233 73
233 202
233 446
233 481
233 733
233 829
233 926
233 979
234 203
234 247
234 354
234 896
235 417
235 613
235 727
235 944
236 70
236 153
236 653
236 661
236 665
236 704
236 969
237 219
237 564
238 158
238 450
238 552
238 618
238 881
238 970
238 998
239 163
239 390
240 77
240 262
241 67
241 675
242 8
242 570
242 893
243 24
243 436
243 454
243 553
244 136
244 204
244 326
244 450
244 659
244 803
244 848
244 912
245 214
245 223
245 285
245 791
246 194
246 339
246 509
246 521
246 576
247 193
247 324
247 360
247 406
247 543
248 552
248 642
248 728
248 851
249 451
249 710
250 256
250 994
251 47
251 142
251 266
251 970
251 998
252 91
252 96
252 290
252 589
252 738
252 754
253 162
253 697
253 703
254 82
255 726
256 281
256 417
256 601
256 769
257 74
257 476
257 778
258 164
258 334
258 488
258 617
258 683
258 974
259 144
259 161
259 171
259 229
259 786
259 843
260 493
260 545
260 649
260 877
261 172
261 192
261 426
261 943
261 967
262 604
262 958
263 294
264 99
264 285
264 317
264 633
265 439
265 725
266 25
266 403
266 539
267 35
267 321
267 434
267 862
268 90
268 162
268 191
268 391
268 735
268 779
269 321
270 317
270 367
270 437
270 745
270 950
270 962
271 61
271 172
271 221
271 791
272 35
272 284
272 785
274 239
275 168
275 524
275 547
275 767
276 44
276 176
276 233
276 792
276 974
277 34
277 407
277 553
277 664
277 810
278 122
278 145
279 28
279 66
279 365
280 313
280 546
280 687
280 794
280 887
280 997
281 334
281 836
281 983
282 75
282 95
282 437
282 845
282 898
282 914
283 50
283 352
283 420
283 456
283 597
284 76
284 738
285 313
285 807
285 968
286 24
286 395
286 559
286 605
286 714
286 846
286 944
287 105
287 197
287 838
287 966
288 350
288 521
288 808
288 864
289 453
290 294
290 445
290 458
291 547
291 695
291 873
292 224
292 491
292 499
292 628
292 694
292 708
292 771
293 25
293 114
293 184
293 256
293 419
293 425
294 124
294 232
294 574
294 614
294 770
295 615
295 744
296 189
296 201
296 479
296 680
297 119
297 202
297 355
297 659
297 904
298 114
298 252
299 598
299 615
299 951
300 102
300 203
300 715
301 56
301 67
301 126
301 657
302 244
302 278
302 283
302 586
302 728
302 822
303 6
303 278
303 479
303 670
304 165
304 223
304 643
304 888
304 992
305 156
305 261
305 584
305 645
305 668
305 737
306 349
306 708
306 757
306 827
306 843
307 31
307 144
307 498
307 751
307 844
308 221
308 433
308 441
308 494
308 808
308 995
309 140
309 302
309 484
309 487
309 653
309 780
309 983
310 67
310 410
310 785
310 842
311 911
312 53
312 105
312 411
312 608
312 609
312 625
312 943
313 383
313 395
313 994
314 297
314 573
315 434
315 838
316 508
316 528
316 793
316 882
316 892
316 931
317 255
317 521
317 586
317 758
317 972
318 59
318 81
318 120
318 243
318 267
318 836
319 51
319 824
319 932
320 190
320 498
320 644
321 571
321 627
321 656
321 667
322 22
322 381
322 565
322 702
322 847
323 189
323 979
324 702
324 931
325 334
325 743
325 869
325 950
326 0
326 19
326 120
326 532
326 614
326 790
327 464
327 855
327 985
327 999
328 49
328 231
328 898
329 65
329 141
329 189
329 429
329 586
329 645
329 861
330 101
330 477
330 484
331 91
331 192
331 402
331 891
332 11
332 105
332 962
333 240
333 291
333 431
333 536
333 679
333 688
333 734
333 820
334 160
334 172
334 495
334 635
334 850
334 884
335 90
335 235
335 392
335 402
335 768
336 20
336 253
336 368
336 807
336 847
336 992
337 386
337 891
338 171
338 442
338 659
338 773
338 847
339 79
339 777
339 902
340 507
340 537
340 680
340 783
340 965
341 50
341 116
341 692
341 784
341 846
342 50
342 289
342 555
342 562
342 679
343 50
343 323
343 359
343 753
343 798
344 598
344 814
345 298
345 659
345 804
346 778
347 184
347 532
348 305
348 428
348 705
348 712
349 511
349 542
349 919
350 686
351 446
351 554
351 660
351 846
351 899
351 962
352 48
352 843
352 985
353 569
353 792
354 584
354 865
355 50
355 53
355 250
355 558
355 840
355 949
355 981
356 233
356 253
356 480
356 568
356 879
356 997
357 743
357 878
358 353
358 548
358 930
359 526
359 552
359 646
360 265
360 739
360 923
361 16
361 87
361 139
361 307
361 342
361 553
362 380
362 571
362 718
362 823
363 288
363 925
364 513
364 520
364 766
364 808
365 88
365 634
365 722
366 213
366 495
366 936
367 615
367 664
368 29
368 261
368 400
368 508
368 860
370 257
370 925
372 444
372 805
372 847
373 199
373 933
374 461
374 477
374 558
374 698
375 150
375 495
375 760
375 822
376 16
376 126
376 554
376 630
376 823
377 34
377 522
377 634
377 690
378 420
378 651
379 938
380 6
380 29
380 382
380 405
380 740
380 937
381 97
381 108
381 678
381 693
382 584
382 672
382 808
383 352
383 649
383 774
383 916
384 506
384 590
384 720
385 231
385 564
385 998
386 32
386 140
386 357
386 956
387 525
387 532
387 568
387 596
387 935
387 956
388 393
388 657
389 299
390 623
390 866
391 69
391 427
391 708
391 733
392 297
392 533
392 656
393 72
393 133
393 481
393 496
393 714
394 272
394 398
394 438
394 457
394 658
394 706
394 893
395 155
395 361
395 567
395 849
395 871
396 43
396 114
396 524
396 708
396 943
397 353
397 771
398 9
398 227
398 366
398 669
398 814
399 211
399 533
399 914
400 307
400 438
400 735
400 826
400 891
401 63
401 489
401 518
401 840
402 267
402 624
402 648
403 112
403 253
403 371
403 699
404 419
404 500
404 589
404 785
404 823
405 77
405 81
405 115
405 193
405 326
405 367
405 582
405 945
406 605
406 744
407 238
407 250
407 393
407 402
408 131
408 459
408 529
409 238
409 687
410 5
410 104
410 289
411 39
411 586
411 663
412 497
412 611
412 650
412 878
413 34
413 166
413 695
414 282
414 310
414 834
415 114
415 525
415 680
415 876
415 925
416 153
416 168
416 354
416 585
417 438
417 729
417 862
418 197
418 941
419 453
419 912
420 175
420 243
421 260
421 301
421 627
421 866
422 106
423 0
423 45
423 419
423 859
423 986
424 62
424 380
424 505
424 512
425 552
425 621
425 740
425 851
425 971
426 47
426 103
426 594
427 454
427 643
427 724
427 934
427 984
428 84
428 323
428 904
429 31
429 122
429 419
429 537
430 281
430 339
430 690
430 912
431 136
431 440
431 507
432 115
432 156
432 321
432 387
432 593
432 848
432 861
433 7
433 21
433 482
433 907
434 3
434 542
435 141
435 500
435 610
435 644
435 826
435 967
436 266
436 293
437 30
437 354
437 880
437 931
438 118
438 306
438 850
438 853
438 860
439 446
439 717
439 782
439 885
439 923
439 953
440 711
440 876
440 880
441 386
441 609
441 766
442 437
442 478
442 686
443 269
443 271
443 364
443 378
443 440
443 610
443 724
444 109
444 161
444 655
445 266
445 372
445 647
445 652
445 659
445 674
446 327
446 358
446 705
446 717
447 1
447 226
447 344
448 48
448 325
448 458
449 717
449 815
449 899
450 488
451 102
451 156
451 909
452 48
452 53
452 160
452 375
452 860
453 82
453 107
453 330
453 769
454 241
454 672
454 927
455 232
455 489
455 512
455 532
455 703
455 866
455 969
456 248
456 364
456 434
456 744
457 63
457 379
457 394
457 500
457 640
457 780
457 855
458 335
458 347
458 639
458 959
458 994
459 43
459 358
459 375
459 414
459 430
459 642
459 874
460 286
460 414
460 457
460 471
460 543
460 839
461 48
461 301
461 304
461 533
461 556
461 627
461 648
461 819
461 882
462 132
462 608
462 943
463 416
463 444
463 848
464 227
464 474
464 827
465 464
465 545
465 782
465 828
466 196
466 301
466 822
467 78
467 108
467 230
467 678
468 168
468 403
468 437
469 221
469 256
469 486
469 648
469 938
470 166
470 211
470 287
470 773
470 784
470 886
471 7
471 592
472 288
472 464
473 34
473 73
473 665
473 914
473 955
474 298
475 272
475 384
475 703
475 757
475 863
475 917
475 997
476 108
476 169
476 320
476 395
476 646
476 813
477 21
477 219
477 360
477 628
477 995
478 237
478 487
479 270
479 308
479 390
479 407
479 903
480 109
480 258
480 579
480 688
480 939
481 225
481 304
482 21
482 215
482 658
482 725
482 950
483 122
485 180
485 192
485 216
485 266
485 305
485 602
485 833
485 844
486 312
486 384
486 755
487 77
487 82
487 157
487 175
487 442
487 513
487 795
487 912
488 466
488 856
488 905
488 993
489 28
489 276
489 563
489 716
489 793
489 895
490 20
490 431
490 742
491 200
491 441
491 567
491 945
492 330
492 649
493 339
493 538
493 912
493 972
494 25
494 49
494 308
494 552
495 62
495 282
495 291
495 333
495 758
495 760
495 818
496 334
496 975
497 438
497 467
497 765
498 121
498 576
498 871
499 240
499 594
499 714
499 744
499 773
500 97
500 467
500 677
500 975
501 274
501 694
501 771
502 411
502 457
502 578
503 80
503 454
503 797
504 114
504 118
504 538
504 558
504 565
504 581
504 926
505 410
506 145
506 564
507 231
507 627
507 800
508 4
508 39
508 635
508 906
509 226
509 294
510 48
510 290
510 971
511 70
511 174
511 770
511 778
512 667
512 711
512 817
512 839
513 975
514 426
515 249
515 322
515 570
515 581
515 653
515 780
515 806
516 86
516 200
516 212
516 624
516 854
517 207
517 280
517 378
517 565
518 347
518 400
518 491
519 192
519 426
519 740
520 68
520 78
520 200
520 293
520 330
520 432
520 601
520 727
520 895
521 284
521 554
521 765
522 23
522 343
522 653
522 788
522 790
523 246
523 453
523 821
523 931
524 155
524 240
524 310
524 353
524 384
524 446
524 449
525 86
525 269
526 122
526 267
526 395
526 415
526 582
526 769
526 810
526 820
526 848
526 990
527 177
527 305
527 493
527 501
528 69
528 358
528 927
529 170
529 523
530 359
530 757
530 873
531 39
531 198
531 267
531 768
531 776
531 791
531 821
532 87
532 154
532 817
532 843
532 993
533 631
534 44
534 89
534 148
534 580
534 796
534 992
535 343
535 505
535 989
536 159
536 667
536 849
537 301
537 649
537 949
538 16
538 148
538 175
538 249
538 743
538 791
538 854
539 406
539 417
539 892
540 208
540 294
540 623
541 5
541 571
541 772
542 124
542 462
542 614
542 900
543 361
544 17
544 377
544 440
544 660
544 888
545 272
545 461
546 259
546 551
546 725
546 737
546 957
547 642
547 721
547 946
549 162
549 273
549 565
549 794
549 913
550 413
550 910
551 185
551 410
551 551
551 594
551 716
551 764
551 784
551 933
552 530
552 675
552 919
553 329
553 824
554 101
554 307
554 423
554 647
554 690
555 9
555 14
555 177
555 338
556 291
556 332
556 416
556 672
556 993
557 35
557 43
557 426
557 580
557 673
557 708
558 39
558 91
558 129
558 623
558 665
558 761
558 889
558 933
559 465
559 838
559 883
560 151
560 248
560 360
560 554
560 910
561 100
561 102
561 292
561 300
561 609
561 644
561 661
561 692
561 832
562 5
562 29
562 669
563 202
563 227
563 242
563 523
563 559
563 616
563 939
563 948
564 87
564 210
564 706
564 752
564 805
565 169
565 884
565 897
566 15
566 190
566 477
566 751
566 787
566 934
566 961
567 237
567 549
567 637
567 893
568 122
568 155
568 437
568 546
569 29
569 133
569 298
569 396
570 213
570 665
570 771
571 43
571 776
571 815
571 998
572 3
573 320
573 707
573 755
573 812
573 845
574 94
574 102
574 367
574 588
574 762
576 43
576 513
576 593
576 773
576 787
576 877
577 69
577 453
577 643
578 63
578 436
578 455
578 529
578 535
578 552
578 638
578 736
579 32
579 44
579 91
579 210
579 408
579 435
579 452
579 567
580 492
580 642
580 843
581 783
581 850
582 210
582 446
582 605
582 803
583 0
583 265
583 624
584 60
584 99
584 244
584 446
584 476
584 527
584 628
584 733
584 930
585 87
585 235
585 993
586 10
586 969
587 168
587 835
588 115
588 139
588 303
588 897
589 58
589 174
589 213
589 319
589 384
589 438
590 67
590 271
590 313
590 342
590 345
590 617
590 808
590 838
590 872
591 53
591 214
591 373
591 760
592 263
592 448
593 180
593 275
593 543
593 648
593 953
594 732
594 983
595 7
595 64
595 164
595 165
595 361
595 833
596 51
596 344
596 356
596 492
596 544
596 645
596 833
597 7
597 705
598 251
598 431
598 580
599 68
599 99
599 110
599 448
599 474
599 890
600 129
600 514
600 967
601 133
601 532
601 645
601 770
601 802
601 835
602 486
602 587
602 840
602 931
603 95
603 351
603 492
603 839
604 523
604 619
605 3
605 8
605 279
605 328
605 569
605 587
605 637
606 375
606 653
607 6
607 104
607 511
608 258
608 378
608 601
609 344
609 525
609 536
609 627
610 138
610 623
610 634
611 839
612 32
612 296
612 589
612 632
612 761
613 442
613 635
613 722
613 831
613 990
614 70
614 127
614 270
614 327
614 607
614 611
614 892
615 139
615 326
615 383
615 521
615 571
615 671
615 835
616 792
616 800
617 20
617 273
617 305
617 392
617 824
617 946
618 575
618 596
618 642
619 281
619 608
619 613
619 693
619 718
619 852
620 226
620 760
621 40
621 328
621 549
621 684
621 790
621 964
622 39
622 156
622 191
622 387
622 752
623 450
624 100
624 183
624 763
625 72
625 836
625 921
625 944
626 105
626 176
626 270
626 441
626 469
626 626
626 803
627 261
627 292
627 676
628 143
628 159
628 280
628 366
628 585
628 674
628 852
629 56
629 118
629 229
629 272
629 297
630 98
630 113
630 507
630 894
630 923
630 947
632 290
633 140
633 281
633 320
634 226
634 513
634 545
634 698
634 796
634 938
635 475
635 592
635 717
636 10
636 92
636 141
636 205
636 230
636 300
636 489
636 740
637 180
637 182
637 286
637 432
637 452
637 524
637 538
637 759
638 223
638 700
639 354
639 759
639 965
640 47
640 152
640 217
640 256
640 266
640 414
640 597
640 927
641 46
641 208
641 431
641 538
641 622
642 308
642 674
643 91
643 385
644 57
644 598
644 966
644 984
645 6
645 47
645 108
645 173
645 377
645 795
645 818
645 918
646 206
646 551
646 592
646 803
647 100
647 404
647 478
647 778
647 890
648 253
648 335
648 489
648 744
648 868
649 248
649 453
649 483
649 910
650 114
650 368
650 667
650 687
650 706
650 802
651 78
651 160
651 963
652 46
652 131
652 284
652 403
652 577
653 257
653 313
653 327
653 330
653 702
653 916
654 323
654 760
654 892
655 15
655 857
655 918
656 195
656 413
656 878
656 967
657 446
657 647
657 771
657 858
657 947
657 995
658 36
658 486
658 761
659 36
659 138
659 652
660 5
660 47
660 885
661 214
661 376
662 607
662 649
662 864
662 964
663 42
663 343
663 379
663 406
663 640
663 694
663 864
664 394
664 519
665 166
665 220
665 496
665 862
665 922
666 14
666 288
666 464
666 497
666 679
666 964
667 143
667 206
667 401
667 879
668 83
668 487
668 528
668 675
668 934
668 936
669 282
669 616
669 659
669 734
669 999
670 202
670 342
670 567
670 827
671 29
671 302
671 576
672 308
672 502
672 508
672 527
672 615
672 888
672 975
673 119
673 323
673 416
673 445
673 629
673 637
673 940
674 384
674 572
674 660
674 776
675 19
675 482
675 515
675 852
675 870
676 119
676 285
676 333
676 338
676 581
676 596
677 65
677 564
677 845
678 215
678 314
678 386
678 539
679 144
679 155
679 645
679 705
680 230
680 582
680 748
681 94
681 727
681 928
683 196
683 383
683 594
683 786
684 51
684 82
684 123
684 383
684 401
684 606
684 788
684 850
684 907
684 910
684 983
685 81
685 124
685 188
685 401
685 809
685 931
686 93
686 262
686 984
687 99
687 165
687 218
687 608
687 901
688 963
689 267
689 349
689 405
689 494
690 268
690 557
691 104
691 768
691 910
692 145
692 272
692 442
692 720
692 920
693 346
693 371
693 444
694 82
695 256
696 7
696 875
696 903
697 311
698 134
698 390
698 414
698 681
698 889
699 145
699 327
699 504
699 563
699 571
699 624
700 316
700 518
700 567
700 693
701 217
701 449
702 141
702 540
703 41
703 55
703 177
703 220
703 332
703 425
703 946
704 490
705 54
705 232
706 227
706 375
706 706
706 852
706 919
707 225
707 515
707 520
707 849
708 12
708 632
709 835
709 864
709 882
710 641
711 122
711 611
711 685
711 962
712 182
712 631
712 941
713 184
713 587
714 78
714 225
714 276
714 635
714 771
714 799
714 943
715 158
715 332
715 409
715 862
715 967
715 982
716 70
716 547
716 573
716 660
716 827
716 934
716 994
717 104
717 133
717 152
717 275
717 399
717 460
718 319
718 378
718 451
718 562
718 924
719 113
719 309
719 380
720 688
720 980
720 987
721 85
721 350
721 726
721 829
723 403
723 464
723 536
724 195
724 248
724 342
724 468
724 847
724 918
724 956
724 968
725 771
726 24
726 59
726 637
726 746
726 967
727 139
727 188
727 308
727 467
727 615
728 46
728 269
728 342
728 711
728 994
729 120
729 225
729 638
730 328
730 652
730 827
731 188
731 361
731 562
731 744
731 904
732 37
732 963
733 108
733 280
733 369
733 438
733 623
733 672
733 980
734 280
734 846
735 29
735 318
735 519
735 526
735 766
735 780
736 2
736 483
736 697
736 773
737 110
737 462
737 989
738 122
738 314
738 694
738 932
738 997
739 347
739 476
739 831
740 202
740 393
740 446
741 29
741 75
741 332
741 394
741 505
741 916
742 318
742 427
742 624
742 715
742 727
742 826
742 846
743 260
743 526
743 922
744 2
744 12
744 97
744 250
744 267
744 531
745 220
745 249
745 530
745 593
745 760
745 970
746 224
746 277
746 462
746 483
747 305
747 349
747 628
747 934
748 36
748 139
748 169
748 576
749 304
749 368
749 405
749 474
749 480
749 686
749 874
750 52
750 156
750 267
750 669
750 790
750 820
750 862
751 314
751 401
751 486
751 539
752 297
752 376
752 544
752 975
753 532
754 173
754 342
754 762
755 439
755 588
755 599
755 753
755 928
756 137
756 693
757 52
757 384
757 497
757 809
758 424
758 530
758 676
758 908
759 609
760 28
760 96
760 696
761 106
761 963
762 182
762 326
762 580
762 690
763 166
763 560
763 774
764 537
764 699
764 926
765 93
765 112
765 131
765 317
765 350
766 196
766 492
766 769
766 803
766 849
767 180
767 230
767 268
767 357
767 992
768 122
768 471
768 534
768 906
769 16
769 173
769 313
769 989
769 997
770 101
770 463
770 639
770 843
770 871
770 920
771 451
771 518
771 872
772 52
772 352
772 760
772 772
772 969
772 977
773 28
773 204
773 283
774 169
774 696
774 751
774 792
775 152
775 288
775 409
775 445
775 794
775 925
776 30
776 48
776 315
776 511
776 774
776 833
777 6
777 99
777 129
777 405
777 432
777 468
777 637
778 622
778 936
779 459
779 544
780 24
780 140
780 163
780 348
780 466
780 766
780 853
781 578
781 789
781 796
782 58
782 507
782 664
782 719
783 246
783 732
783 774
783 798
783 937
784 1
784 88
784 138
784 150
784 345
784 646
784 859
785 676
785 684
786 186
786 210
786 307
786 542
786 657
786 681
786 972
787 517
787 564
787 900
787 992
788 167
788 176
788 282
788 609
789 374
789 644
790 104
790 330
791 289
791 405
791 408
792 311
792 861
793 54
793 548
793 690
793 841
794 490
795 500
795 865
796 703
797 10
797 730
797 732
797 900
798 94
798 286
798 348
798 370
798 389
798 572
798 946
799 222
799 304
799 382
799 520
800 367
800 382
800 390
800 411
800 662
801 167
801 291
801 397
801 520
801 677
802 294
802 579
802 989
803 153
803 213
803 340
803 672
804 234
804 513
804 533
804 577
804 831
805 454
805 749
805 769
806 150
806 172
806 287
807 174
807 387
807 852
807 919
808 95
808 351
809 38
809 95
809 131
809 189
809 190
809 211
809 962
810 63
810 548
811 261
811 347
811 605
811 975
812 70
812 106
812 299
812 569
812 772
812 837
812 840
813 464
813 753
814 384
814 415
814 584
814 594
814 743
814 840
814 895
814 916
814 983
815 515
815 656
815 926
815 991
816 178
816 281
816 436
816 912
817 81
817 368
817 393
817 698
818 129
819 257
819 473
819 587
819 638
819 742
820 261
820 507
820 968
821 231
821 560
821 892
822 148
822 480
822 569
822 577
823 370
823 524
823 895
823 912
823 973
824 148
824 408
825 968
825 969
826 74
826 290
826 324
826 766
826 944
827 42
827 331
828 68
828 87
828 228
828 675
829 11
829 330
829 378
829 392
829 394
829 607
829 916
829 917
829 993
830 322
830 437
830 745
830 761
831 259
831 526
831 549
831 759
832 51
832 515
832 650
832 812
833 233
833 751
833 925
834 239
834 274
834 520
835 4
835 273
835 438
835 447
835 996
836 682
836 694
836 718
836 818
837 40
837 72
837 105
837 154
837 250
837 486
837 670
837 876
838 182
838 724
839 248
839 331
839 942
840 67
840 392
840 394
840 802
841 766
841 815
841 995
842 353
842 519
842 564
842 915
842 989
843 666
844 139
844 431
844 735
845 460
845 593
845 625
845 666
846 264
846 402
846 647
846 796
847 264
847 511
847 641
847 924
847 937
847 959
848 144
848 338
848 574
848 783
849 116
849 566
849 831
850 474
850 894
850 942
851 240
851 284
851 484
851 683
851 979
852 30
852 600
852 978
853 113
853 164
853 354
853 389
853 787
854 1
854 85
854 390
854 620
854 779
854 936
855 186
855 301
855 573
855 634
855 761
856 99
856 534
856 640
856 909
856 987
857 33
857 55
857 451
857 814
857 865
858 133
858 232
858 298
858 316
858 820
859 170
859 259
859 291
859 449
859 848
859 859
859 914
860 239
860 801
860 804
861 203
861 950
862 361
862 370
863 49
863 320
863 721
863 789
864 235
864 299
864 492
864 533
864 536
864 941
864 997
865 23
865 84
865 93
865 109
865 623
865 721
866 557
866 897
867 24
867 141
867 166
867 334
867 432
867 827
867 894
867 940
868 125
868 304
868 481
868 512
868 547
868 718
869 227
870 72
870 480
871 161
871 697
871 769
872 285
872 561
873 55
873 232
873 254
873 605
873 655
873 664
873 757
873 831
874 518
874 589
875 514
875 550
875 627
875 848
876 144
876 462
876 581
876 746
877 53
877 323
877 518
877 599
877 608
878 186
878 687
878 744
878 792
879 294
879 620
879 986
880 172
880 395
880 508
880 909
881 93
881 299
881 349
881 430
881 674
881 893
882 366
882 461
882 985
883 174
883 601
883 625
884 698
884 794
884 967
885 134
885 186
885 930
886 212
886 274
886 281
886 735
887 52
887 202
887 442
887 933
888 76
888 102
888 907
889 12
889 125
889 264
889 611
889 646
889 852
889 945
890 312
890 348
890 769
890 782
891 167
891 567
891 832
892 324
892 711
892 728
894 217
894 385
894 726
894 789
895 50
895 79
895 644
895 991
896 426
896 570
896 669
896 685
896 744
896 752
897 136
897 780
897 844
897 852
897 899
897 978
898 260
898 297
898 489
898 804
899 707
899 747
899 767
900 294
900 875
900 893
901 293
901 407
901 432
901 647
902 572
902 726
902 850
903 160
903 302
903 620
903 983
904 88
904 145
904 191
904 243
904 257
904 312
904 777
905 69
905 175
905 515
905 899
905 921
906 114
906 205
906 279
906 843
907 636
907 906
907 966
908 81
908 252
908 571
908 622
909 245
909 317
909 339
909 360
909 496
909 583
909 737
909 873
909 886
909 936
910 800
910 867
911 197
913 819
914 115
914 235
914 282
914 696
915 100
915 696
916 103
916 116
916 550
916 853
917 117
917 433
917 434
917 627
917 820
918 746
919 137
919 285
919 451
919 699
919 901
920 240
920 684
921 163
921 221
921 859
921 991
922 416
922 496
922 499
923 43
923 169
923 350
923 416
923 536
923 813
923 928
924 427
924 467
924 999
925 648
925 723
925 898
925 957
925 991
926 87
926 192
926 581
926 837
926 844
926 910
927 7
927 109
927 222
927 306
927 451
927 846
928 89
928 459
928 682
929 350
929 979
930 92
930 267
930 697
930 720
930 841
930 985
931 148
931 181
931 227
931 338
931 347
931 618
931 649
931 872
931 900
932 166
932 182
932 610
932 981
933 89
933 598
933 717
934 997
935 324
935 426
935 620
936 287
936 813
937 229
937 277
937 559
938 354
938 375
938 763
939 126
939 173
939 255
939 289
939 788
939 799
940 143
940 824
940 825
941 24
941 267
941 431
941 596
941 649
941 880
942 170
942 300
942 446
942 486
942 925
943 197
943 343
943 411
943 482
943 490
943 522
943 699
943 772
943 916
943 956
944 450
945 134
945 177
945 314
945 627
946 13
946 33
946 101
946 122
946 379
946 644
946 862
946 926
946 995
947 280
947 648
948 37
948 987
949 321
949 402
949 466
949 631
950 323
950 472
950 548
950 811
950 920
950 970
951 150
951 423
951 445
951 704
952 74
952 133
952 253
952 393
952 514
952 759
952 916
952 948
953 165
954 333
954 552
954 567
956 254
956 588
956 593
956 736
957 3
957 624
957 794
958 88
958 227
958 253
958 517
958 736
958 918
958 972
959 684
959 775
959 779
960 119
960 230
960 739
961 126
961 203
961 240
961 474
961 594
961 950
962 144
962 394
962 449
962 548
962 611
963 62
963 264
963 312
963 669
964 499
964 587
964 814
964 824
965 201
965 740
966 290
966 672
967 279
967 713
969 284
969 296
969 485
969 699
969 908
970 737
970 883
971 41
971 550
971 653
972 477
972 482
972 609
972 615
972 977
973 304
973 519
973 826
974 43
974 195
974 399
974 579
974 852
975 3
975 94
975 123
975 153
975 193
975 389
976 155
976 416
976 432
976 455
976 490
977 897
978 116
978 340
978 512
978 607
978 806
979 501
979 743
979 787
979 818
979 937
980 207
980 572
980 829
981 58
981 845
981 886
982 60
982 688
982 904
983 350
983 825
984 3
984 296
984 338
984 501
984 517
984 537
984 935
985 32
985 708
986 493
986 707
986 831
986 991
987 503
987 578
987 582
988 25
988 174
988 281
988 307
988 514
988 623
988 736
988 739
988 855
989 341
989 528
989 533
989 583
990 360
990 368
990 512
990 734
991 486
992 140
992 282
993 32
993 36
993 187
993 200
993 342
993 472
993 473
993 620
993 726
994 68
994 177
994 221
994 245
994 592
995 54
995 113
995 423
995 629
995 736
995 840
995 903
995 922
996 226
996 336
996 654
997 54
997 485
997 748
997 795
998 174
998 218
998 303
998 350
999 128
999 204
999 342
999 756
999 760
999 983
